59.2885
59.2885
59.2885
58.8973
58.4359
58.7312
59.1926
58.9342
58.4728
57.8148
57.041
56.5014
55.9733
55.903
56.2174
56.7069
57.6943
58.4568
58.8014
59.4547
61.1772
61.8198
59.6395
57.9757
57.315
56.8477
57.0645
57.2652
57.5967
57.9151
57.8072
57.6959
57.3042
56.8671
58.7233
61.1785
61.2107
60.5884
59.4899
58.3177
57.8776
57.5434
58.0224
58.8144
58.6766
58.1066
58.0485
58.2738
58.9334
59.9925
59.6524
58.1461
57.3197
56.9932
56.8562
56.9642
57.1993
57.8651
58.7626
60.8298
62.0315
60.3091
58.761
57.5353
56.5658
56.2489
55.9701
56.8106
57.6716
57.3007
56.8636
56.4042
55.8761
55.9608
56.2753
56.391
56.391
56.2339
55.8162
55.5556
55.5556
55.573
55.8851
56.1798
56.2769
56.3825
57.2633
58.3647
57.9332
57.0455
57.2357
57.8964
58.6679
59.5981
59.3446
58.1908
57.479
57.042
56.7379
56.5243
56.5249
57.0651
57.598
58.3899
58.9397
58.0381
57.2348
56.6987
56.1798
56.1798
56.1798
56.9245
57.9044
58.7038
59.5145
59.3594
58.7758
58.0947
57.3149
56.8618
56.5402
56.3479
56.2423
56.2374
56.4494
56.653
56.9771
57.2581
57.3677
57.4713
57.4713
57.4713
56.903
56.2573
56.1798
56.1798
56.5724
57.2181
57.7631
58.3244
58.5399
58.4259
58.3658
58.3658
58.7911
59.9726
60.4974
59.8949
58.9085
57.2365
56.0365
55.4192
54.9548
55.1575
55.3506
55.902
56.5286
56.4427
56.2307
56.3121
56.5241
56.5501
56.4438
56.431
56.5374
56.7148
57.1486
57.4713
57.4713
57.4281
56.8879
56.391
56.8008
57.2312
57.2519
57.2519
57.3353
57.4449
57.3976
57.2879
57.3151
57.4248
57.6343
57.9685
58.433
59.1251
60.6853
63.5321
66.2369
68.0319
66.5347
63.7766
59.9915
56.4358
57.6926
59.6027
59.7183
59.3625
58.9342
58.4728
58.4469
58.5609
59.5505
60.9913
61.5655
61.692
60.8818
59.7795
59.7029
59.941
59.9101
59.7906
59.4122
58.9435
58.5037
58.0495
57.6367
57.1963
57.1496
57.3681
57.8197
58.6116
59.1991
59.552
59.6198
59.2669
59.7371
61.5903
63.6519
65.6045
65.4723
63.6515
60.6914
57.5879
57.0979
57.535
57.6923
57.6923
57.6923
57.6923
58.4995
60.5176
61.4446
60.8224
59.7211
58.1051
57.0901
56.6596
56.4174
56.5238
56.6175
56.7247
56.8064
56.0726
55.3506
55.525
55.7308
55.8345
55.9385
56.3239
56.9648
56.9597
56.3188
55.9701
55.9701
55.9878
56.0926
56.1866
56.3986
56.6038
57.5112
58.5062
58.2043
57.7536
57.6057
57.4951
57.3192
57.1007
57.6324
58.6429
59.8751
61.3392
61.2161
59.9862
58.5072
56.8352
56.0325
55.7203
55.6202
55.8275
56.2489
57.9081
59.3226
59.5588
59.761
59.761
59.8387
60.446
60.8976
60.4098
59.7977
58.5333
57.4478
57.1212
56.8182
56.7153
56.6081
57.061
57.6052
57.777
57.8883
57.464
56.8083
57.0399
57.8078
58.0268
57.8032
57.7871
58.0107
58.0192
57.6851
57.2956
56.6499
56.1655
56.0607
55.9701
56.1789
56.3893
56.6689
56.9905
57.6268
58.4066
58.758
58.9887
58.9764
58.8606
60.5128
63.1523
63.1523
63.1523
63.1523
63.1523
63.1523
63.1523
63.1523
76.9231
73.0549
68.1765
64.3208
61.4754
61.4754
61.9378
63.2514
63.9722
63.7006
63.3232
62.9243
63.1247
63.6589
64.9645
66.383
65.8009
64.8101
63.9882
63.4657
64.1478
64.436
63.8881
62.8347
61.4194
60.7949
60.9183
60.2992
59.1082
58.8356
59.3006
60.0156
60.9914
61.2017
60.706
60.0781
59.3637
58.6899
58.0085
57.493
57.0559
56.9685
57.4056
58.2587
60.4043
62.1979
62.8518
62.3261
60.0923
59.1013
59.8101
59.5564
57.845
56.6364
56.0051
55.4657
54.7637
54.1516
54.3312
54.5281
54.7596
55.0604
55.2565
55.4608
55.7126
56.1303
56.0891
54.8721
53.9545
53.8578
53.7634
53.3886
52.9153
52.9635
53.2455
53.6487
54.6336
55.2984
54.797
54.3478
54.086
53.7938
53.8276
53.9243
53.9997
54.0971
54.218
54.5145
54.7413
54.6418
54.5455
54.3006
54.0063
54.3187
54.9138
55.2353
55.4395
55.6981
56.2222
56.6365
56.8517
57.0188
56.6972
56.391
56.391
56.391
57.3543
58.5705
60.3042
62.2732
65.1688
67.8781
66.5576
64.9351
64.9351
63.8283
61.0051
58.6397
56.8764
56.4064
59.3896
62.7778
66.6358
69.2712
68.9526
67.3714
65.5764
64.8143
64.3043
63.3487
61.9624
58.9079
56.4329
57.3072
58.1395
57.4894
56.8288
57.0073
57.2241
57.0836
56.8668
56.4676
55.9395
56.7858
58.7852
59.5247
59.056
58.7173
58.4884
58.6504
59.348
59.4819
58.7843
58.6057
59.3033
59.8416
60.0816
59.7268
58.2323
57.0416
56.1934
55.5738
55.7811
55.9701
57.4263
58.9687
59.1616
59.2783
58.0965
56.7541
56.8527
57.1767
56.3425
54.9893
55.2881
56.8615
57.736
57.8473
57.6039
56.6314
56.0259
56.3427
56.5744
56.0503
55.5556
56.3155
57.1637
56.9927
56.6686
56.3176
55.8968
55.9281
56.2426
56.1422
55.5202
54.9921
54.3003
53.7634
54.1513
54.5423
54.4672
54.3684
54.3478
54.3478
54.4601
54.7587
55.2088
56.5824
57.8623
59.3806
60.3355
57.4436
54.9451
54.5674
54.1707
53.7291
53.1551
53.1376
53.4215
53.5056
53.2216
53.0035
53.4649
53.9416
54.3996
54.9947
54.6454
53.7623
53.5671
54.1495
54.5574
54.6569
54.7445
56.1123
57.5862
57.7868
57.8981
58.448
59.1347
60.3985
61.8746
60.6442
58.7068
57.5263
56.4333
58.427
58.427
58.427
58.427
58.427
63.4306
59.3333
55.5556
57.1234
58.8731
59.8848
60.845
59.017
56.8311
57.6455
58.9878
60.3985
61.8746
61.4168
60.4169
59.0888
57.7039
58.8675
60.7441
60.6508
59.919
58.6192
57.1478
58.1984
60.2772
61.0622
61.1867
60.3409
59.1405
60.3783
62.6121
65.2474
67.8217
71.5332
75.4708
77.4244
73.3045
73.3045
73.3045
73.3045
73.3045
73.3045
73.3045
73.3045
73.3045
73.3045
56.0491
56.783
58.0541
59.5255
59.8604
59.9799
59.3202
58.503
58.8151
59.3941
59.5238
59.5238
58.5173
57.1645
56.8865
56.9945
57.208
57.537
57.2137
56.1453
55.4676
55.1624
54.9768
55.2821
55.5556
55.4588
55.3563
55.4301
55.5326
55.4924
55.3899
55.1702
54.7677
54.5701
54.6697
54.7672
55.1727
55.5556
55.1922
54.7867
54.8862
55.0875
55.4755
56.0974
56.9705
58.4193
60.6202
60.6202
60.6202
64.8084
63.0933
61.2688
61.0926
61.5924
60.9572
59.9734
59.2196
58.522
58.2843
58.1712
57.9928
57.7692
57.8863
58.223
59.0443
60.3492
60.5749
59.849
58.8566
57.6118
57.0812
57.1901
57.8775
59.7393
60.8851
60.6393
60.6261
60.9964
61.8346
63.2737
63.8052
63.2665
62.2018
60.9311
61.0671
61.9455
63.0271
64.0956
64.1388
63.8649
64.518
65.2773
65.7138
65.1804
62.5051
60.5545
60.0706
59.3969
58.3625
57.1843
55.3165
54.0153
55.2323
56.391
57.1953
58.0696
57.9481
57.7245
57.8658
58.0894
58.5486
59.1231
59.2082
59.0915
59.5237
60.2381
61.6081
63.2811
62.4086
60.6142
58.4494
56.21
57.7778
60.8885
60.8885
60.8885
60.8885
60.8885
60.8885
65.2575
60.3814
57.3487
54.897
54.5381
55.3434
55.9707
56.6068
57.735
60.8635
62.9114
61.7536
60.3846
58.743
57.8507
58.4163
58.9076
59.2577
59.4196
58.9546
59.0071
61.3558
63.0369
62.1291
60.7471
58.5265
56.986
56.7708
56.9655
60.4432
63.6477
64.0569
63.8227
62.2461
60.0333
56.9946
55.1252
55.0242
54.9483
55.0493
55.1471
55.7705
56.4989
56.7622
56.9774
56.831
56.5093
56.3378
56.2322
56.1029
55.8941
55.7398
55.6365
55.5108
54.7114
53.9568
54.5366
55.2335
55.4186
55.5211
55.7661
56.1838
56.5119
56.8335
57.2463
58.0261
59.1499
61.6327
63.5143
63.3802
62.9473
62.166
61.4198
60.7975
59.6565
58.0405
57.0728
56.6424
56.5465
57.0867
57.406
57.0794
56.8469
57.1735
57.4713
57.3616
57.2519
56.8628
56.4323
56.309
56.2034
55.8493
55.3329
55.1943
55.296
55.3506
55.3506
55.3375
55.2358
55.1471
54.9555
54.7542
55.1312
55.64
57.7316
57.7316
57.7316
57.7316
57.7316
57.7316
57.7316
57.7316
57.7316
73.243
67.4057
61.6914
60
60
60.9721
62.3528
62.5553
62.2948
61.5875
60.8316
63.2342
66.0209
65.9022
65.1623
63.792
62.674
62.4136
61.8823
61.0039
60.181
59.4666
59.2875
59.8805
61.2362
63.7245
65.7906
66.8142
66.4703
65.4467
64.6957
64.1209
63.8136
63.5357
63.4016
63.2911
63.2911
63.8826
65.4229
65.5617
64.1555
61.1666
57.6888
56.726
56.9412
58.363
61.2266
62.5468
62.1578
61.597
60.9697
60.2679
59.5478
59.8082
60.6517
60.6595
60.1717
61.1532
62.9329
64.1894
65.0184
62.5983
59.7516
58.0123
56.3403
56.3426
56.5546
