60.4839
60.4839
60.4606
60.3391
60.0762
59.2526
58.6644
59.1295
59.6737
60.776
61.5625
60.6983
60.7558
64.6925
69.0724
71.9005
72.0397
69.9949
67.3286
65.0251
64.196
62.906
61.0068
59.2666
57.7952
56.9915
57.7653
58.2358
57.462
56.8552
57.5159
58.1395
59.7941
61.4044
59.9769
58.5938
58.4807
58.3667
59.4716
60.6531
59.8142
58.8616
58.3032
57.7376
59.0713
60.7129
59.9371
58.7462
58.88
59.2274
60.9969
63.1322
62.1569
60.6192
59.9292
59.3316
60.5066
61.8541
61.0235
60.0317
59.5427
59.0702
60.1878
61.398
60.8681
60.2508
59.8853
59.5267
61.4931
63.4416
62.7021
61.8881
61.2607
61.0743
63.0375
64.1869
62.7235
61.3585
60.3748
60.123
61.1067
61.4131
60.6693
59.8359
58.8983
58.4954
58.84
58.7827
57.9908
57.4153
57.1968
57.2415
58.6048
59.761
59.761
59.713
59.36
59.1294
59.8438
60.5134
60.7592
60.6761
58.7054
57.0087
56.4766
55.9701
57.9006
60.036
59.5946
58.8859
58.2339
57.5578
58.2759
59.3021
58.2397
56.5677
56.0478
55.8389
56.3327
57.5214
57.7319
56.752
56.2391
56.4511
56.8755
58.5736
59.7802
58.4061
57.3096
58.2112
59.0858
60.0461
60.8849
59.4668
58.1395
57.3717
56.6038
58.0981
59.7962
57.0875
53.7779
53.2026
52.9207
53.2363
54.4014
55.0021
54.2143
53.5714
53.1278
52.6579
53.0074
53.5733
54.0187
54.6095
54.7747
54.0879
53.5753
54.0623
54.5455
55.5509
56.7953
56.7335
56.3062
56.5466
57.1923
58.136
59.5208
59.4585
57.8551
56.5946
55.4498
55.0704
56.768
58.0007
56.916
55.9701
56.927
57.8995
59.0864
60.3708
59.6069
58.6618
58.5938
58.5938
59.7925
61.2334
59.8108
57.9193
57.6039
57.4934
58.202
59.2282
58.7332
57.5972
57.3177
57.4274
58.3052
59.9339
59.9747
58.5678
57.9151
57.9151
58.4185
59.703
60.24
59.6424
60.6485
60.6485
60.6485
60.6485
60.6485
60.6485
60.6485
67.6856
66.6344
64.1643
61.2452
58.8926
56.8621
55.6961
54.7802
55.0272
57.1501
58.5938
58.5938
58.5177
58.1784
58.0373
58.8417
59.4919
59.2576
58.9056
57.4679
56.1798
55.2931
54.3771
55.044
55.9599
55.732
55.0144
54.4091
53.6326
53.5106
55.324
56.7978
56.4785
56.1798
56.1798
56.1798
56.6043
57.1404
58.0425
59.1785
58.7514
57.6154
57.0005
56.5701
56.8412
57.8286
57.6816
55.9713
54.7967
54.1099
53.5714
55.2613
56.9927
56.6617
56.2345
56.1026
55.9978
56.7467
58.0585
59.0418
59.8654
59.661
58.6103
58.0304
57.8068
58.1631
59.3169
59.1779
57.163
55.6535
54.4542
53.613
55.3444
57.0342
56.354
55.6147
55.634
55.7373
56.9777
58.9772
59.761
59.761
59.4835
59.0148
59.5554
60.8814
60.6109
59.1701
58.2234
57.5525
57.8785
59.2525
59.129
57.2189
56.2819
56.6011
57.2249
59.1802
60.4024
58.9955
58.0438
58.8481
59.7759
61.5266
62.8091
61.9088
61.4031
62.0408
62.7885
63.5897
63.0432
60.8724
59.3718
58.5611
58.3785
58.953
58.8467
57.7195
57.0972
57.3157
57.797
59.4258
60.4136
59.0068
57.8981
57.7868
57.7668
58.8011
59.6668
58.1954
56.8182
56.0227
55.1872
56.0489
57.211
56.8123
55.8544
55.4477
55.2435
55.6737
57.17
58.3389
59.031
59.4918
59.3742
59.3768
59.7325
60.2143
61.0785
61.1829
59.3885
58.2216
58.5636
58.7104
58.1448
57.5035
55.9301
54.5455
55.2008
55.9132
56.8119
57.8966
57.9016
57.5675
57.8215
58.3827
59.9466
62.2953
62.7598
61.9784
61.3605
60.8607
61.6014
62.7496
61.5266
59.7759
59.7759
59.7759
59.7759
59.7759
59.7759
59.7759
68.1561
65.9924
63.8354
64.0985
64.7563
65.6233
65.6696
63.4755
61.79
61.286
61.0796
61.3295
61.0777
60.2204
59.9816
60.4655
61.8744
64.2611
65.0487
64.3489
63.6846
63.1459
64.2304
65.509
63.5289
61.3481
60.0222
58.8565
59.4447
59.9933
59.8738
59.7842
60.2681
60.7832
61.5391
62.6242
65.2877
68.0929
69.5204
71.9423
74.219
74.8015
74.5426
74.3579
72.3716
69.6291
69.6291
69.6291
69.6291
69.6291
69.6291
69.6291
69.6291
57.9088
57.3433
56.6877
57.2663
58.1473
59.4479
61.0027
60.6619
59.5685
58.6343
57.7257
58.2703
59.5347
59.0628
57.5799
56.7533
56.2213
56.4739
57.7857
58.118
56.7022
55.6139
54.8087
54.1516
55.7583
57.4182
57.279
57.0604
56.6214
56.0893
56.0364
56.1412
56.7784
57.9854
57.7764
55.9521
54.9986
55.2013
55.5173
57.2537
58.7614
57.6515
56.6038
56.5042
56.3978
57.5616
59.0104
57.9877
56.3285
55.6421
55.1296
55.6222
57.1072
57.5017
56.4252
55.508
54.4126
53.5714
54.2527
54.9396
56.2356
57.8329
57.4891
56.6148
56.8604
57.6224
58.4822
59.5246
59.2525
57.8785
57.0591
56.6286
56.5287
56.9592
56.9711
55.7174
54.7709
55.5941
56.391
57.3866
58.488
58.2079
57.7572
58.1312
58.6968
59.7994
61.1254
60.1677
58.4998
57.5101
56.6358
56.8421
57.6041
57.4094
56.4369
55.6283
54.719
54.1831
54.38
54.5455
54.9319
55.3345
55.7626
56.2828
56.2513
56.0408
56.6523
57.9641
57.9746
56.6628
55.64
54.6333
54.0724
55.1839
56.1798
55.0103
53.8021
53.4151
52.9418
52.9477
53.2297
53.6157
54.703
55.4947
54.4073
53.3808
53.3043
53.2097
54.0745
55.6743
56.0844
55.3615
54.8734
54.5748
54.3738
55.1849
55.9701
54.8205
53.5258
53.2601
53.0714
53.2563
53.9284
54.2507
53.6725
53.1915
53.6293
54.1094
55.4613
57.343
57.9151
57.9151
58.2297
58.7997
59.5544
60.5147
59.769
57.5831
55.9076
54.2961
53.619
54.9137
55.8924
53.949
52.0833
53.2857
54.9193
56.4026
58.2549
58.6306
57.8387
58.1461
59.6524
60.5407
60.6631
60.2078
59.1403
59.6862
62.169
62.9842
61.9422
61.1051
60.4879
61.0874
62.4795
62.0452
60.653
59.5734
58.6358
58.6684
59.1298
58.1089
56.2424
55.7029
56.015
56.9855
59.3834
60.8404
60.4731
60.2866
60.4081
60.7278
61.3501
61.1296
59.7929
58.9117
58.5671
58.6169
59.3145
59.0208
56.9181
55.4396
54.8357
54.3478
56.2133
58.1092
57.7312
57.2874
57.4334
57.6536
58.7308
60.1266
59.9409
59.2266
58.3195
57.3091
57.7376
58.8647
59.2885
59.2885
58.702
57.6837
57.0453
56.6148
56.62
57.2707
57.5153
56.8647
56.4217
56.6353
56.8729
58.5843
60.2314
59.9914
59.7534
59.5172
59.2943
60.0144
60.7209
60.477
60.19
58.9157
57.6923
58.0156
58.3523
58.9964
59.694
58.6369
57.3824
57.0784
56.8616
57.8305
59.3019
59.6803
59.5618
59.3682
59.1339
59.5066
60.221
60.1728
59.6928
59.0864
58.3942
58.4659
59.0404
60.0216
61.369
60.953
59.2581
58.4037
58.0644
58.9078
60.942
61.1113
59.5314
58.8235
58.8235
59.63
61.3385
62.1013
61.8452
61.2099
60.3457
60.6722
61.7925
61.4075
60.1676
59.0008
57.8559
58.4094
60.0382
60.6553
60.5328
59.8315
58.7724
58.9588
60.0179
60.4839
60.4839
59.9244
58.9793
59.2416
60.4325
60.834
60.5881
59.9244
58.9793
58.9763
59.6794
60.1982
60.5626
60.1224
59.0549
58.5345
58.4205
58.3658
58.3658
58.1385
57.5816
57.6063
58.7423
59.6659
60.1459
61.0484
62.8577
63.5802
62.3932
60.8384
59.0439
58.6459
59.8181
60.4295
60.308
59.5595
58.0649
57.5348
58.3206
59.4118
61.25
62.0968
61.0887
60.3335
59.972
60.3197
61.6892
61.89
60.64
59.7694
59.297
60.8584
60.8584
60.8584
60.8584
60.8584
60.8584
67.076
65.9269
66.218
65.9885
65.4113
63.991
62.5026
64.6271
67.6483
70.9062
74.1669
75.4733
74.1486
71.386
68.7906
66.447
65.2925
64.573
64.4343
62.8719
60.8036
59.2217
57.8369
57.5429
57.6534
58.7667
60.6583
60.6586
59.3327
58.6917
58.4628
57.9634
57.1896
56.9067
57.1235
56.8608
55.6071
54.6857
54.1951
53.7634
54.9301
56.2438
56.3107
56.2051
56.1144
56.0096
56.823
58.5999
59.3613
59.0112
58.3078
57.0916
56.2673
55.8496
55.6414
56.2727
56.8741
59.2027
61.4574
61.2075
60.631
60.631
60.631
60.631
60.631
60.631
60.631
53.2401
53.9123
54.6208
56.5167
58.0953
57.5427
57.0342
57.2475
57.466
57.8684
58.3157
58.4606
58.5746
57.8137
56.8187
55.8548
54.7268
54.8137
55.8352
56.4259
56.5323
56.3285
55.005
53.9568
54.6425
55.3394
55.775
56.2953
56.6871
57.1176
56.7498
55.9016
55.2947
54.6908
54.5062
55.2134
55.7327
55.3242
54.9451
54.856
54.7558
55.244
55.9616
56.7285
57.7084
57.8118
57.1512
56.8182
56.8182
56.8772
57.094
56.9619
55.3144
53.9568
54.1429
54.3384
54.9513
55.7625
55.2505
54.0512
53.4692
53.1853
53.0871
53.9576
54.7445
55.977
57.3404
56.523
55.3609
55.2778
